name: tts_test
channels:
  - conda-forge
  - defaults
dependencies:
  - absl-py=0.7.1=py36_0
  - astor=0.7.1=py_0
  - audioread=2.1.6=py36_0
  - bzip2=1.0.8=h516909a_0
  - cycler=0.10.0=py_1
  - dbus=1.13.6=he372182_0
  - decorator=4.4.0=py_0
  - expat=2.2.5=he1b5a44_1003
  - ffmpeg=4.2=h167e202_0
  - fontconfig=2.13.1=he4413a7_1000
  - freetype=2.10.0=he983fc9_1
  - gast=0.2.2=py_0
  - gettext=0.19.8.1=hc5be6a0_1002
  - glib=2.58.3=h6f030ca_1002
  - gmp=6.1.2=hf484d3e_1000
  - gnutls=3.6.5=hd3a4fd2_1002
  - grpcio=1.22.0=py36he9ae1f9_0
  - gst-plugins-base=1.14.5=h0935bb2_0
  - gstreamer=1.14.5=h36ae1b5_0
  - h5py=2.9.0=nompi_py36hcafd542_1103
  - icu=58.2=hf484d3e_1000
  - inflect=2.1.0=py_0
  - joblib=0.13.2=py_0
  - jpeg=9c=h14c3975_1001
  - kiwisolver=1.1.0=py36hc9558a2_0
  - lame=3.100=h14c3975_1001
  - libiconv=1.15=h516909a_1005
  - libpng=1.6.37=hed695b0_0
  - librosa=0.6.0=py36_0
  - libuuid=2.32.1=h14c3975_1000
  - libxcb=1.13=h14c3975_1002
  - libxml2=2.9.9=h13577e0_2
  - llvmlite=0.29.0=py36hfd453ef_1
  - markdown=3.1.1=py_0
  - mkl-service=2.2.0=py36h516909a_0
  - mkl_fft=1.0.14=py36h516909a_1
  - mkl_random=1.0.4=py36hf2d7682_0
  - nettle=3.4.1=h1bed415_1002
  - numba=0.45.1=py36hb3f55d8_0
  - openh264=1.8.0=hdbcaa40_1000
  - pcre=8.41=hf484d3e_1003
  - pip=19.2.3=py36_0
  - protobuf=3.8.0=py36he1b5a44_1
  - pthread-stubs=0.4=h14c3975_1001
  - pyparsing=2.4.2=py_0
  - pyqt=5.9.2=py36hcca6a23_2
  - python-dateutil=2.8.0=py_0
  - pytz=2019.2=py_0
  - qt=5.9.7=h52cfd70_2
  - resampy=0.2.2=py_0
  - setuptools=41.2.0=py36_0
  - sip=4.19.8=py36hf484d3e_1000
  - six=1.12.0=py36_1000
  - tensorboard=1.14.0=py36_0
  - termcolor=1.1.0=py_2
  - tornado=6.0.3=py36h516909a_0
  - wheel=0.33.6=py36_0
  - wrapt=1.11.2=py36h516909a_0
  - x264=1!152.20180806=h14c3975_0
  - xorg-libxau=1.0.9=h14c3975_0
  - xorg-libxdmcp=1.1.3=h516909a_0
  - _libgcc_mutex=0.1=main
  - _tflow_select=2.1.0=gpu
  - blas=1.0=mkl
  - c-ares=1.15.0=h7b6447c_1001
  - ca-certificates=2019.10.16=0
  - certifi=2019.9.11=py36_0
  - click=7.0=py36_0
  - cudatoolkit=10.0.130=0
  - cudnn=7.3.1=cuda10.0_0
  - cupti=10.0.130=0
  - flask=1.1.1=py_0
  - google-pasta=0.1.7=py_0
  - hdf5=1.10.4=hb1b8bf9_0
  - intel-openmp=2019.4=243
  - itsdangerous=1.1.0=py36_0
  - jinja2=2.10.3=py_0
  - keras-applications=1.0.8=py_0
  - keras-base=2.2.4=py36_0
  - keras-gpu=2.2.4=0
  - keras-preprocessing=1.1.0=py_1
  - libedit=3.1.20181209=hc058e9b_0
  - libffi=3.2.1=hd88cf55_4
  - libgcc-ng=9.1.0=hdf63c60_0
  - libgfortran-ng=7.3.0=hdf63c60_0
  - libprotobuf=3.8.0=hd408876_0
  - libstdcxx-ng=9.1.0=hdf63c60_0
  - markupsafe=1.1.1=py36h7b6447c_0
  - matplotlib=3.1.0=py36h5429711_0
  - mkl=2019.4=243
  - ncurses=6.1=he6710b0_1
  - numpy=1.16.4=py36h7e9f1db_0
  - numpy-base=1.16.4=py36hde5b4d6_0
  - openssl=1.1.1d=h7b6447c_3
  - python=3.6.9=h265db76_0
  - pyyaml=5.1.2=py36h7b6447c_0
  - readline=7.0=h7b6447c_5
  - scikit-learn=0.21.2=py36hd81dba3_0
  - scipy=1.3.1=py36h7c811a0_0
  - sqlite=3.29.0=h7b6447c_0
  - tensorflow=1.14.0=gpu_py36h57aa796_0
  - tensorflow-base=1.14.0=gpu_py36h8d69cac_0
  - tensorflow-estimator=1.14.0=py_0
  - tensorflow-gpu=1.14.0=h0d30ee6_0
  - tk=8.6.8=hbc83047_0
  - tqdm=4.32.1=py_0
  - unidecode=1.0.23=py36_0
  - werkzeug=0.15.5=py_0
  - xz=5.2.4=h14c3975_4
  - yaml=0.1.7=had09818_2
  - zlib=1.2.11=h7b6447c_3
prefix: /mnt/vol1/Anaconda3/envs/tts_test
